0.5492144158795498
0.556351985159196
0.5586541892979436
0.5661461961321814
0.571972630595357
0.5745575676955429
0.577597681800712
0.5790386493992807
0.5840764109594324
0.5871188247818885
0.5912144475707498
0.5917979595781725
0.5942266932742128
0.5982980439709947
0.5990738551892101
0.602563817515574
0.6035632555089121
0.6050720713751487
0.6064487998712597
0.6089456135842551
0.6121078503023158
0.6156562366188675
0.6174378500764811
0.6175396103033789
0.6181022435633121
0.6187783061163917
0.6193688577013662
0.6202351453838963
0.6213958364492186
0.6228817371591305
0.6232474535233022
0.6247684551564865
0.6249297392781867
0.6262003612228219
0.6268335179722857
0.6287049709441898
